0 0 
1 0.41186718
2 0.48478792
3 0.55590816
4 0.61138644
5 0.64588876
6 0.68464478
7 0.70374307
8 0.73798496
9 0.74053568
10 0.753572
20 0.833817
30 0.865296
40 0.894888
50 0.903915
60 0.919659
70 0.920319
80 0.921591
90 0.921835
100 0.916346
110 0.926979
120 0.933079
130 0.936312
140 0.937107
150 0.933835
160 0.938627
170 0.941258
180 0.937263
190 0.940699
200 0.933147
210 0.944321
220 0.945196
230 0.946163
240 0.947885
250 0.947516
260 0.950333
270 0.950941
280 0.952938
290 0.953496
300 0.94546
310 0.957019
320 0.957411
330 0.959526
340 0.95986
350 0.960853
360 0.961665
370 0.963159
380 0.963522
390 0.965629
400 0.955478
410 0.967017
420 0.968151
430 0.96843
440 0.969497
450 0.970698
460 0.971197
470 0.973386
480 0.972818
490 0.974345
500 0.974371
510 0.974856
520 0.97573
530 0.975289
540 0.977674
550 0.977992
560 0.979195
570 0.979203
580 0.980513
590 0.981355
600 0.970646
610 0.982301
620 0.982411
630 0.983303
640 0.983637
650 0.984742
660 0.985106
670 0.985586
680 0.985376
690 0.98655
700 0.986591
710 0.987767
720 0.988469
730 0.988617
740 0.989119
750 0.989983
760 0.989696
770 0.991126
780 0.991047
790 0.991207
800 0.980263
810 0.992126
820 0.993273
830 0.993875
840 0.99346
850 0.9936
860 0.994445
870 0.994556
880 0.995671
890 0.996074
900 0.995661
910 0.996479
920 0.996954
930 0.996626
940 0.99756
950 0.997423
960 0.998262
970 0.9983
980 0.99836
990 0.998829
1000 1
1010 0.998993
1020 0.999819
1030 1.00087
1040 1.00065
1050 1.00139
1060 1.0011
1070 1.00176
1080 1.0016
1090 1.00207
1100 1.00243
1110 1.00287
1120 1.00211
1130 1.00335
1140 1.00345
1150 1.00378
1160 1.00373
1170 1.00396
1180 1.00472
1190 1.00516
1200 1.00445
1210 1.00551
1220 1.00576
1230 1.00567
1240 1.00543
1250 1.00622
1260 1.00633
1270 1.00647
1280 1.00666
1290 1.00704
1300 1.00662
1310 1.00759
1320 1.00757
1330 1.00703
1340 1.00738
1350 1.00808
1360 1.00836
1370 1.00848
1380 1.00945
1390 1.00864
1400 1.00923
1410 1.00927
1420 1.00934
1430 1.00948
1440 1.00966
1450 1.00997
1460 1.00988
1470 1.01041
1480 1.0107
1490 1.01111
1500 1.01043
1510 1.01112
1520 1.01106
1530 1.01191
1540 1.01148
1550 1.01133
1560 1.01226
1570 1.01215
1580 1.01222
1590 1.01211
1600 1.01281
1610 1.0124
1620 1.0127
1630 1.01261
1640 1.01316
1650 1.01343
1660 1.01321
1670 1.01378
1680 1.01396
1690 1.01336
1700 1.01408
1710 1.01357
1720 1.01381
1730 1.01477
1740 1.01401
1750 1.01445
1760 1.01436
1770 1.01465
1780 1.01475
1790 1.01459
1800 1.01481
1810 1.01467
1820 1.01521
1830 1.01569
1840 1.01579
1850 1.0152
1860 1.01534
1870 1.01585
1880 1.01655
1890 1.01617
1900 1.01593
1910 1.01582
1920 1.01633
1930 1.01659
1940 1.01653
1950 1.01683
1960 1.01684
1970 1.01733
1980 1.0169
1990 1.01678
2000 1.01679
2010 1.01749
2020 1.0179
2030 1.01826
2040 1.01814
2050 1.01845
2060 1.01835
2070 1.01799
2080 1.01768
2090 1.01792
2100 1.01749
2110 1.01845
2120 1.01815
2130 1.01892
2140 1.01818
2150 1.01918
2160 1.01872
2170 1.01951
2180 1.01925
2190 1.0191
2200 1.01935
2210 1.01918
2220 1.01902
2230 1.01975
2240 1.01883
2250 1.01922
2260 1.01888
2270 1.01926
2280 1.02041
2290 1.02024
2300 1.02049
2310 1.02011
2320 1.02026
2330 1.0202
2340 1.02079
2350 1.02072
2360 1.01941
2370 1.02038
2380 1.02106
2390 1.02087
2400 1.02025
2410 1.02076
2420 1.02051
2430 1.02191
2440 1.0209
2450 1.02019
2460 1.02205
2470 1.02082
2480 1.02107
2490 1.02092
2500 1.02277
2510 1.02004
2520 1.02086
2530 1.02141
2540 1.02157
2550 1.02236
2560 1.02135
2570 1.02006
2580 1.02218
2590 1.02124
2600 1.02202
2610 1.02143
2620 1.02246
2630 1.02205
2640 1.02205
2650 1.02195
2660 1.02368
2670 1.02187
2680 1.0227
2690 1.023
2700 1.02332
2710 1.02194
2720 1.02283
2730 1.02168
2740 1.02243
2750 1.02235
2760 1.02256
2770 1.02272
2780 1.02308
2790 1.02351
2800 1.02258
2810 1.02399
2820 1.02262
2830 1.02356
2840 1.02405
2850 1.02304
2860 1.02244
2870 1.02371
2880 1.02321
2890 1.02341
2900 1.02319
2910 1.02367
2920 1.02338
2930 1.02347
2940 1.02374
2950 1.02338
2960 1.02321
2970 1.02451
2980 1.0236
2990 1.02382
3000 1.02393
3010 1.02373
3020 1.02488
3030 1.02277
3040 1.02356
3050 1.02415
3060 1.02387
3070 1.02486
3080 1.02477
3090 1.02405
3100 1.02398
3110 1.02462
3120 1.02371
3130 1.02474
3140 1.02491
3150 1.02505
3160 1.02434
3170 1.02445
3180 1.02415
3190 1.02576
3200 1.0248
3210 1.0253
3220 1.02543
3230 1.0248
3240 1.02497
3250 1.02478
3260 1.02538
3270 1.02493
3280 1.02598
3290 1.02508
3300 1.02569
3310 1.02426
3320 1.02556
3330 1.02548
3340 1.02554
3350 1.0258
3360 1.02539
3370 1.02452
3380 1.02551
3390 1.02489
3400 1.02538
3410 1.02583
3420 1.02514
3430 1.02514
3440 1.02535
3450 1.02538
3460 1.02556
3470 1.02638
3480 1.02545
3490 1.02668
3500 1.02555
3510 1.02585
3520 1.02557
3530 1.02557
3540 1.02615
3550 1.02615
3560 1.02557
3570 1.02652
3580 1.02642
3590 1.02617
3600 1.02578
3610 1.02635
3620 1.02611
3630 1.02611
3640 1.02723
3650 1.02704
3660 1.02704
3670 1.02649
3680 1.02646
3690 1.02716
3700 1.02627
3710 1.02622
3720 1.02622
3730 1.02676
3740 1.02676
3750 1.02668
3760 1.02749
3770 1.02771
3780 1.02571
3790 1.02743
3800 1.0271
3810 1.02703
3820 1.0272
3830 1.02689
3840 1.02618
3850 1.02719
3860 1.02704
3870 1.02719
3880 1.02711
3890 1.0269
3900 1.02733
3910 1.02674
3920 1.02715
3930 1.02715
3940 1.02695
3950 1.02659
3960 1.02642
3970 1.02741
3980 1.02695
3990 1.02671
4000 1.02744
4010 1.02763
4020 1.02774
4030 1.02811
4040 1.02731
4050 1.02626
4060 1.02809
4070 1.02726
4080 1.02736
4090 1.02777
4100 1.02776
4110 1.02716
4120 1.02773
4130 1.02739
4140 1.02769
4150 1.02718
4160 1.02787
4170 1.02899
4180 1.02805
4190 1.02733
4200 1.02719
4210 1.02712
4220 1.02792
4230 1.02803
4240 1.02832
4250 1.02795
4260 1.02712
4270 1.02781
4280 1.02789
4290 1.02805
4300 1.02741
4310 1.0274
4320 1.02741
4330 1.02707
4340 1.02797
4350 1.02855
4360 1.02825
4370 1.0284
4380 1.02825
4390 1.02812
4400 1.02812
4410 1.02847
4420 1.02823
4430 1.02818
4440 1.02877
4450 1.02791
4460 1.0278
4470 1.0281
4480 1.02711
4490 1.02825
4500 1.02845
4510 1.02776
4520 1.02826
4530 1.02901
4540 1.02874
4550 1.02848
4560 1.02843
4570 1.02847
4580 1.02932
4590 1.02837
4600 1.02965
4610 1.02953
4620 1.02855
4630 1.02881
4640 1.02948
4650 1.02881
4660 1.02898
4670 1.02902
4680 1.02936
4690 1.029
4700 1.02941
4710 1.02916
4720 1.02975
4730 1.02942
4740 1.02857
4750 1.02915
4760 1.02812
4770 1.02885
4780 1.02845
4790 1.02873
4800 1.02791
4810 1.02912
4820 1.02933
4830 1.02836
4840 1.02885
4850 1.02874
4860 1.02918
4870 1.02856
4880 1.02963
4890 1.02896
4900 1.02917
4910 1.02925
4920 1.02945
4930 1.02925
4940 1.02947
4950 1.029
4960 1.02859
4970 1.02978
4980 1.02873
4990 1.03014
5000 1.02889
5010 1.02884
5020 1.02882
5030 1.02943
5040 1.02901
5050 1.02948
5060 1.02935
5070 1.02931
5080 1.0297
5090 1.0296
5100 1.0292
5110 1.0297
5120 1.02936
5130 1.02956
5140 1.02904
5150 1.03041
5160 1.03015
5170 1.02942
5180 1.02935
5190 1.02978
5200 1.02925
5210 1.03029
5220 1.02975
5230 1.03054
5240 1.02926
5250 1.02932
5260 1.02937
5270 1.03007
5280 1.02969
5290 1.02981
5300 1.02915
5310 1.02941
5320 1.02998
5330 1.02959
5340 1.02965
5350 1.02916
5360 1.02991
5370 1.02949
5380 1.03007
5390 1.02993
5400 1.02947
5410 1.02946
5420 1.03035
5430 1.03014
5440 1.03008
5450 1.0303
5460 1.02948
5470 1.03055
5480 1.03028
5490 1.03045
5500 1.02898
5510 1.02999
5520 1.02995
5530 1.03082
5540 1.02885
5550 1.02987
5560 1.02965
5570 1.03075
5580 1.03
5590 1.03029
5600 1.03037
5610 1.02971
5620 1.03041
5630 1.02998
5640 1.03022
5650 1.03007
5660 1.02978
5670 1.0292
5680 1.03033
5690 1.03055
5700 1.03076
5710 1.03022
5720 1.03034
5730 1.03012
5740 1.02985
5750 1.03024
5760 1.02976
5770 1.0296
5780 1.0306
5790 1.03
5800 1.02988
5810 1.02968
5820 1.03032
5830 1.02977
5840 1.03088
5850 1.03013
5860 1.02934
5870 1.02973
5880 1.03018
5890 1.02946
5900 1.03023
5910 1.03005
5920 1.03122
5930 1.03095
5940 1.03042
5950 1.03082
5960 1.02974
5970 1.03004
5980 1.03039
5990 1.03057
6000 1.03043
6010 1.03053
6020 1.03037
6030 1.03049
6040 1.03045
6050 1.02959
6060 1.03062
6070 1.03088
6080 1.03026
6090 1.03062
6100 1.0308
6110 1.0311
6120 1.03025
6130 1.03028
6140 1.0308
6150 1.03048
6160 1.03149
6170 1.03126
6180 1.0305
6190 1.03013
6200 1.03051
6210 1.03023
6220 1.03048
6230 1.03158
6240 1.03083
6250 1.03111
6260 1.03124
6270 1.03059
6280 1.03033
6290 1.03058
6300 1.03069
6310 1.03094
6320 1.03048
6330 1.03064
6340 1.03007
6350 1.03094
6360 1.03092
6370 1.03108
6380 1.03102
6390 1.03065
6400 1.031
6410 1.03068
6420 1.03024
6430 1.03081
6440 1.03143
6450 1.03008
6460 1.03134
6470 1.03048
6480 1.03062
6490 1.03052
6500 1.03088
6510 1.03088
6520 1.03136
6530 1.03053
6540 1.03102
6550 1.03113
6560 1.03132
6570 1.03097
6580 1.0307
6590 1.03142
6600 1.03078
6610 1.03114
6620 1.03043
6630 1.03065
6640 1.03083
6650 1.03073
6660 1.03036
6670 1.03123
6680 1.0311
6690 1.03131
6700 1.03058
6710 1.03091
6720 1.03126
6730 1.03206
6740 1.0307
6750 1.03132
6760 1.03127
6770 1.03023
6780 1.03111
6790 1.03103
6800 1.03129
6810 1.03099
6820 1.03085
6830 1.03159
6840 1.031
6850 1.03051
6860 1.03119
6870 1.03155
6880 1.03041
6890 1.03109
6900 1.0316
6910 1.0314
6920 1.03099
6930 1.03085
6940 1.0317
6950 1.03143
6960 1.03118
6970 1.03117
6980 1.03099
6990 1.03159
7000 1.03154
7010 1.03141
7020 1.03233
7030 1.03128
7040 1.03136
7050 1.03135
7060 1.03151
7070 1.03162
7080 1.03078
7090 1.03104
7100 1.03102
7110 1.03116
7120 1.03144
7130 1.03126
7140 1.03181
7150 1.03081
7160 1.03126
7170 1.0316
7180 1.03145
7190 1.03168
7200 1.03087
7210 1.03055
7220 1.0316
7230 1.03172
7240 1.03098
7250 1.03201
7260 1.03118
7270 1.03118
7280 1.03161
7290 1.03161
7300 1.03142
7310 1.03119
7320 1.03195
7330 1.03181
7340 1.03108
7350 1.03196
7360 1.03107
7370 1.03144
7380 1.03172
7390 1.03126
7400 1.03152
7410 1.03091
7420 1.03115
7430 1.03139
7440 1.03107
7450 1.0317
7460 1.03201
7470 1.03165
7480 1.03157
7490 1.03113
7500 1.03111
7510 1.03176
7520 1.03125
7530 1.0315
7540 1.03164
7550 1.03094
7560 1.03196
7570 1.03141
7580 1.03078
7590 1.03113
7600 1.03139
7610 1.03144
7620 1.03142
7630 1.03249
7640 1.03135
7650 1.03165
7660 1.03149
7670 1.03214
7680 1.03191
7690 1.03243
7700 1.0316
7710 1.03137
7720 1.03249
7730 1.03133
7740 1.03168
7750 1.03148
7760 1.03201
7770 1.03214
7780 1.03199
7790 1.03166
7800 1.03199
7810 1.03157
7820 1.03219
7830 1.03181
7840 1.03128
7850 1.03164
7860 1.03213
7870 1.0314
7880 1.03192
7890 1.03249
7900 1.03135
7910 1.03202
7920 1.03192
7930 1.03204
7940 1.03249
7950 1.03223
7960 1.03225
7970 1.03133
7980 1.032
7990 1.03156
8000 1.02732
