0 0 0
1 0.61 0.7745
2 1.436 1.196
3 2.47 1.598
4 3.622 1.942
5 4.783 2.129 
6 6.084 2.358
7 7.296 2.779
8 8.744 2.854
9 9.871 3.11
10 11.161 3.25326
20 24.699 4.92063
30 38.447 6.15703
40 53.016 7.18703
50 66.937 8.23158
60 81.725 8.89958
70 95.413 9.7091
80 109.196 10.5446
90 122.875 11.1185
100 137.531 11.6057
110 151.021 12.2905
120 165.835 12.4678
130 180.274 13.4813
140 194.307 13.9245
150 207.46 14.4108
160 222.429 15.3056
170 236.988 15.1901
180 249.863 15.7678
190 264.716 16.1251
200 282.67 14.6467
210 293.717 17.3565
220 307.955 17.8123
230 322.292 18.1366
240 336.92 18.13
250 350.832 19.0016
260 365.961 19.1153
270 380.283 19.686
280 395.206 19.6659
290 409.54 20.472
300 424.567 21.0224
310 439.421 21.0056
320 453.733 21.3775
330 468.95 21.5827
340 483.338 22.2738
350 498.055 22.4978
360 512.724 22.8551
370 527.797 23.3192
380 542.279 23.6355
390 557.778 24.1627
400 571.849 24.4535
410 587.222 24.6184
420 602.258 25.0227
430 616.778 24.7962
440 631.745 26.041
450 646.915 25.4879
460 661.639 26.2159
470 677.54 27.1626
480 691.565 26.9212
490 707.089 26.8665
500 721.551 26.5896
510 736.361 27.9462
520 751.481 27.8709
530 765.598 28.1807
540 781.947 28.4721
550 796.696 28.6105
560 812.19 28.6584
570 826.65 28.8507
580 842.289 30.0421
590 857.561 30.4012
600 872.77 30.2931
610 887.495 30.6692
620 902.159 30.8438
630 917.433 31.4924
640 932.324 32.1752
650 947.964 32.0678
660 962.902 31.6947
670 977.979 32.1541
680 992.374 32.5412
690 1008.13 33.2267
700 1022.79 33.285
710 1038.65 32.7948
720 1054.03 33.2048
730 1068.84 34.0154
740 1084.05 33.933
750 1099.67 34.3659
760 1114.02 34.7097
770 1130.32 35.626
780 1144.92 34.9929
790 1159.79 34.8676
800 1175.21 35.6561
810 1190.28 36.1569
820 1206.33 36.2273
830 1221.79 36.8923
840 1236 36.2628
850 1250.91 37.1412
860 1266.69 37.7858
870 1281.6 37.9671
880 1297.6 37.7152
890 1312.92 37.9805
900 1327.1 38.469
910 1342.99 38.6429
920 1358.37 39.019
930 1372.74 39.1173
940 1388.73 39.251
950 1403.38 39.3631
960 1419.3 40.0496
970 1434.2 39.9863
980 1449.03 39.9628
990 1464.58 41.0763
1000 1481.06 40.9694
1010 1494.31 41.3893
1020 1510.43 41.1169
1030 1526.78 41.5622
1040 1541.34 41.7903
1050 1557.25 41.8202
1060 1571.73 42.0967
1070 1587.48 42.7452
1080 1602.17 41.5424
1090 1617.69 42.8596
1100 1633.21 42.8851
1110 1648.7 43.7855
1120 1662.39 43.9953
1130 1679.09 44.1492
1140 1694.24 44.3956
1150 1709.57 44.2405
1160 1724.46 43.7904
1170 1739.64 45.1952
1180 1755.95 44.5286
1190 1771.48 45.0965
1200 1785.24 45.7548
1210 1801.9 46.3894
1220 1817.37 45.5681
1230 1832.01 45.2162
1240 1846.59 45.6628
1250 1862.84 46.2831
1260 1877.84 45.9005
1270 1893.15 46.7676
1280 1908.29 46.7837
1290 1924.07 47.7824
1300 1938.05 48.1823
1310 1954.98 47.8533
1320 1969.71 47.4936
1330 1983.72 48.3163
1340 1999.21 48.7501
1350 2015.67 48.5576
1360 2031.05 49.5189
1370 2046.39 49.2271
1380 2063.07 49.539
1390 2076.51 48.3514
1400 2092.53 49.6268
1410 2107.72 49.0575
1420 2122.66 49.479
1430 2138.09 50.1201
1440 2153.26 50.4347
1450 2169.04 51.2207
1460 2183.67 51.5878
1470 2199.95 51.8607
1480 2215.4 52.1117
1490 2231.44 51.2478
1500 2244.76 51.6505
1510 2261.12 51.1226
1520 2276.13 51.9015
1530 2292.87 51.9766
1540 2307.06 53.2502
1550 2321.53 52.9592
1560 2338.87 52.4824
1570 2353.4 52.4294
1580 2368.76 53.2116
1590 2383.31 54.0184
1600 2400.14 54.2154
1610 2414.01 54.0511
1620 2429.93 54.1654
1630 2444.45 53.9918
1640 2460.97 54.6735
1650 2476.46 55.0392
1660 2491.12 54.5592
1670 2507.36 54.9281
1680 2523.02 55.6871
1690 2536.37 55.1626
1700 2553.38 56.1182
1710 2566.92 55.0783
1720 2582.72 55.8759
1730 2600.08 55.9534
1740 2613.34 57.2556
1750 2629.32 57.2885
1760 2643.9 56.5055
1770 2659.86 57.6792
1780 2675.07 57.9357
1790 2689.83 56.9056
1800 2705.26 57.9277
1810 2720.06 57.9898
1820 2736.48 58.3811
1830 2752.94 58.5875
1840 2768.09 58.6064
1850 2781.64 57.8874
1860 2797.02 58.6397
1870 2813.62 58.9895
1880 2830.34 59.2376
1890 2844.45 59.6188
1900 2858.83 60.4978
1910 2873.69 58.8677
1920 2889.98 59.5926
1930 2905.9 60.6704
1940 2920.8 61.4703
1950 2936.81 60.9071
1960 2951.72 60.5979
1970 2968.31 60.7002
1980 2982.17 61.7574
1990 2996.98 60.3993
2000 3011.85 61.4981
2010 3029 62.9379
2020 3045.32 62.508
2030 3061.49 61.8797
2040 3076.19 59.7146
2050 3092.23 62.0769
2060 3107.01 63.0372
2070 3120.91 64.586
2080 3135.04 61.8869
2090 3150.88 65.3007
2100 3164.6 59.7727
2110 3182.66 61.3406
2120 3196.84 64.5254
2130 3214.34 62.4775
2140 3227.1 63.007
2150 3245.37 63.0394
2160 3259 64.0285
2170 3276.61 66.0086
2180 3290.9 65.9638
2190 3305.43 66.5436
2200 3321.34 67.7145
2210 3335.91 65.3633
2220 3350.44 65.8006
2230 3367.97 64.6919
2240 3380.02 65.3296
2250 3396.43 66.9966
2260 3410.39 63.4072
2270 3426.76 65.3603
2280 3445.76 67.8676
2290 3460.3 66.0544
2300 3476.27 65.6831
2310 3490.11 65.6456
2320 3505.66 66.8197
2330 3520.56 69.3083
2340 3537.72 68.0075
2350 3552.6 65.4458
2360 3563.15 66.3409
2370 3581.67 66.0375
2380 3599.14 68.3456
2390 3613.59 69.8545
2400 3626.51 67.8897
2410 3643.46 67.1602
2420 3657.68 71.5562
2430 3677.85 66.1964
2440 3689.27 68.9888
2450 3701.82 68.4643
2460 3723.71 70.1816
2470 3734.36 68.973
2480 3750.41 69.477
2490 3764.97 69.0549
2500 3786.94 71.8895
2510 3791.96 71.8393
2520 3810.15 72.6431
2530 3827.34 72.4462
2540 3843.07 70.1771
2550 3861.18 72.0414
2560 3872.51 72.2424
2570 3882.69 72.6599
2580 3905.87 70.8198
2590 3917.42 72.4181
2600 3935.55 71.1512
2610 3948.43 73.3138
2620 3967.58 70.0631
2630 3981.04 73.1975
2640 3996.18 70.7033
2650 4010.96 71.8134
2660 4032.89 70.7668
2670 4040.89 73.0728
2680 4059.36 73.7455
2690 4075.65 75.5777
2700 4092.05 75.3343
2710 4101.71 75.3714
2720 4120.42 72.2576
2730 4130.94 75.536
2740 4149.13 74.6853
2750 4163.96 73.6166
2760 4179.95 74.0789
2770 4195.77 71.8718
2780 4212.43 76.3051
2790 4229.32 75.5207
2800 4240.63 76.3756
2810 4261.68 74.743
2820 4271.07 78.9811
2830 4290.16 75.4432
2840 4307.39 76.6343
2850 4318.3 75.1178
2860 4330.92 77.5952
2870 4351.47 76.6646
2880 4364.39 76.748
2890 4380.42 75.269
2900 4394.66 78.2271
2910 4411.88 74.5744
2920 4425.81 76.5303
2930 4441.36 74.688
2940 4457.63 77.1228
2950 4471.25 76.0947
2960 4485.64 78.1903
2970 4506.54 76.5555
2980 4517.71 77.2556
2990 4533.82 77.9368
3000 4550.84 79.0303
3010 4563.78 78.5223
3020 4584.09 78.6142
3030 4589.82 78.8609
3040 4608.52 77.6212
3050 4626.37 84.2625
3060 4640.29 78.4988
3070 4659.88 79.6738
3080 4674.66 75.6567
3090 4686.59 80.2941
3100 4701.44 79.3915
3110 4719.53 79.1016
3120 4730.51 80.5132
3130 4750.36 80.6667
3140 4766.33 78.1408
3150 4782.17 79.4232
3160 4794.01 78.1247
3170 4809.73 82.4289
3180 4823.51 78.7374
3190 4846.24 82.0097
3200 4856.9 78.312
3210 4874.45 81.9853
3220 4890.23 82.1433
3230 4856.9 78.312
3240 4918.42 80.172
3250 4932.71 83.2967
3260 4950.82 82.771
3270 4963.81 81.3921
3280 4984.13 84.5821
3290 4994.94 81.9797
3300 5013.12 84.7314
3310 5021.31 86.9318
3320 5042.8 82.1505
3330 5057.63 81.4991
3340 5073.13 84.6033
3350 5089.62 81.2896
3360 5102.76 88.5929
3370 5113.6 81.7164
3380 5133.64 84.9367
3390 5145.69 87.0011
3400 5163.38 83.4244
3410 5180.8 83.8252
3420 5192.52 86.5853
3430 5192.52 86.5853
3440 5223.94 84.9106
3450 5239.31 84.0952
3460 5255.42 86.7671
3470 5274.8 85.6017
3480 5285.24 87.7723
3490 5306.82 83.9429
3500 5316.16 82.248
3510 5332.93 89.3884
3520 5346.66 87.5548
3530 5346.66 87.5548
3540 5380.07 85.4552
3550 5395.31 86.9
3560 5407.44 89.0054
3570 5427.62 87.5845
3580 5442.31 87.5232
3590 5456.21 90.672
3600 5469.31 89.2734
3610 5487.56 89.4704
3620 5501.49 86.3598
3630 5501.49 86.3598
3640 5537.78 85.8847
3650 5551.98 85.8459
3660 5567.22 87.7337
3670 5579.43 90.1751
3680 5594.48 85.9626
3690 5613.5 86.199
3700 5623.84 89.1834
3710 5638.74 89.2043
3720 5638.74 89.2043
3730 5687.38 91.3122
3740 5687.38 91.3122
3750 5702.17 87.3064
3760 5721.9 89.827
3770 5738.34 89.5663
3780 5742.37 87.8347
3790 5767.22 89.031
3800 5780.62 92.5012
3810 5795.43 91.2643
3820 5811.56 89.8748
3830 5825.01 90.4775
3840 5836.24 90.1063
3850 5857.17 89.8223
3860 5871.56 92.5876
3870 5887.63 93.9615
3880 5902.23 92.6781
3890 5916.21 94.2784
3900 5933.95 91.5367
3910 5945.72 94.1126
3920 5963.36 92.5632
3930 5978.59 90.8111
3940 5992.56 92.5663
3950 6005.71 92.5974
3960 6019.94 90.3886
3970 6040.91 91.5402
3980 6053.47 94.2071
3990 6067.27 92.5961
4000 6088.3 91.9157
4010 6103.16 90.9729
4020 6119.02 89.7143
4030 6136.49 92.5604
4040 6146.92 97.3215
4050 6155.85 95.3172
4060 6182.08 95.3974
4070 6192.25 91.6702
4080 6208.11 89.9253
4090 6225.78 92.4857
4100 6241 93.7832
4110 6252.53 95.099
4120 6271.29 97.1226
4130 6284.24 94.771
4140 6301.31 90.5489
4150 6313.37 94.9569
4160 6332.87 97.0441
4170 6355 95.247
4180 6364.46 93.2971
4190 6375.15 93.4693
4200 6389.57 96.5211
4210 6404.35 95.4025
4220 6424.54 97.1688
4230 6440.49 96.1095
4240 6457.53 95.8751
4250 6470.46 95.0295
4260 6480.45 96.2567
4270 6500 95.9523
4280 6515.75 96.9548
4290 6532 97.2406
4300 6543.14 95.9587
4310 6558.34 97.9034
4320 6573.59 100.381
4330 6586.63 99.4224
4340 6607.63 97.4784
4350 6626.62 97.1879
4360 6639.93 99.3622
4370 6656.16 97.3774
4380 6670.19 97.9631
4390 6684.64 98.9767
4400 6699.86 96.4046
4410 6717.37 97.714
4420 6731.02 99.2184
4430 6745.97 102.552
4440 6765.02 97.0812
4450 6774.63 99.0131
4460 6789.15 99.9497
4470 6806.38 96.5056
4480 6815.02 101.919
4490 6837.83 101.245
4500 6854.38 102.141
4510 6865 102.059
4520 6883.59 99.3034
4530 6903.83 98.655
4540 6917.27 100.583
4550 6930.78 97.7648
4560 6945.71 99.3934
4570 6961.15 101.551
4580 6982.2 102.649
4590 6990.99 102.761
4600 7014.97 100.048
4610 7029.33 98.9647
4620 7037.92 99.8214
4630 7054.79 105.888
4640 7074.68 106.194
4650 7085.24 104.154
4660 7101.74 98.9253
4670 7117.23 101.165
4680 7134.89 101.904
4690 7147.55 101.751
4700 7165.7 101.004
4710 7179.14 101.171
4720 7198.62 103.242
4730 7211.52 103.091
4740 7220.81 101.409
4750 7240.14 98.7866
4760 7248.02 105.08
4770 7268.51 100.999
4780 7280.83 106.576
4790 7298.16 99.2821
4800 7307.54 102.539
4810 7331.42 100.257
4820 7348.06 104.87
4830 7356.44 105.046
4840 7375.17 101.85
4850 7389.68 99.6637
4860 7408.02 102.074
4870 7418.86 106.465
4880 7441.66 104.152
4890 7452.13 104.338
4900 7468.81 105.948
4910 7484.73 107.806
4920 7501.38 101.67
4930 7515.24 109.229
4940 7531.96 107.292
4950 7543.87 102.477
4960 7556.05 104.43
4970 7580.1 106.279
4980 7587.56 108.79
4990 7613.26 103.457
5000 7619.68 110.109
5010 7634.08 104.914
5020 7649.19 105.113
5030 7668.97 105.613
5040 7681.15 103.767
5050 7699.8 102.283
5060 7714.19 107.138
5070 7729.07 108.224
5080 7747.31 108.565
5090 7761.74 108.214
5100 7774.06 107.783
5110 7793.03 108.923
5120 7805.79 108.208
5130 7822.32 108.58
5140 7833.74 108.802
5150 7859.37 111.361
5160 7872.72 112.287
5170 7882.31 110.158
5180 7897.1 106.776
5190 7915.52 107.636
5200 7926.84 106.14
5210 7950.03 106.307
5220 7961.2 109.226
5230 7982.5 107.86
5240 7987.92 113.056
5250 8003.54 111.194
5260 8019.13 110.695
5270 8039.92 107.186
5280 8052.16 108.969
5290 8068.43 108.331
5300 8078.43 108.754
5310 8095.82 110.019
5320 8115.43 103.696
5330 8127.72 106.438
5340 8143.31 114.141
5350 8154.84 111.899
5360 8175.93 111.584
5370 8187.94 106.232
5380 8207.61 113.018
5390 8221.82 109.346
5400 8233.3 113.206
5410 8248.63 110.421
5420 8270.95 106.213
5430 8284.58 115.97
5440 8299.27 113.126
5450 8316.42 107.649
5460 8324.94 107.438
5470 8348.96 115.759
5480 8361.92 114.225
5490 8378.69 108.785
5500 8381.89 112.438
5510 8405.34 115.758
5520 8420.36 111.866
5530 8442.6 113.098
5540 8441.87 114.144
5550 8465.35 112.105
5560 8478.89 113.357
5570 8503.14 118.399
5580 8512.32 110.501
5590 8529.85 111.463
5600 8545.93 114.225
5610 8555.56 115.135
5620 8576.78 113.711
5630 8588.28 113.958
5640 8605.58 114.309
5650 8619.53 106.667
5660 8632.47 114.82
5670 8642.72 117.389
5680 8667.65 113.867
5690 8684.62 112.465
5700 8701.78 108.561
5710 8712.36 118.151
5720 8728.79 115.984
5730 8742.03 111.393
5740 8755.11 115.119
5750 8773.64 113.42
5760 8784.67 116.26
5770 8798.72 115.554
5780 8822.42 115.815
5790 8832.64 118.485
5800 8846.77 115.941
5810 8860.41 116.818
5820 8881.05 115.094
5830 8891.66 115.431
5840 8916.49 116.141
5850 8925.38 110.674
5860 8933.64 118.852
5870 8952.37 117.84
5880 8971.36 119.149
5890 8980.43 115.305
5900 9002.33 117.075
5910 9016.1 116.784
5920 9041.53 120.816
5930 9054.58 118.474
5940 9065.06 117.436
5950 9083.97 114.978
5960 9089.59 121.111
5970 9107.63 118.669
5980 9125.88 118.407
5990 9142.89 117.839
6000 9152.69 116.186
6010 9172.84 119.504
6020 9186.83 121.811
6030 9203.04 118.455
6040 9218.04 121.818
6050 9225.48 115.182
6060 9250.14 119.995
6070 9267.58 117.633
6080 9277.36 118.121
6090 9295.79 122.442
6100 9312.78 121.772
6110 9330.7 119.258
6120 9338.42 121.344
6130 9353.67 119.636
6140 9373.84 112.063
6150 9386.03 123.376
6160 9410.66 123.48
6170 9423.73 117.174
6180 9432.17 115.137
6190 9443.88 121.317
6200 9462.82 110.663
6210 9475.37 118.744
6220 9493.06 119.073
6230 9518.41 125.246
6240 9526.89 117.133
6250 9544.56 121.949
6260 9560.98 122.85
6270 9570.32 121.805
6280 9583.08 122.611
6290 9600.79 118.384
6300 9616.96 120.081
6310 9634.75 123.433
6320 9645.56 125.155
6330 9662.46 121.794
6340 9672.19 127.238
6350 9695.77 118.131
6360 9710.75 124.63
6370 9727.69 119.146
6380 9742.15 128.137
6390 9754.11 119.847
6400 9772.53 121.969
6410 9784.88 123.821
6420 9795.82 121.765
6430 9816.7 121.185
6440 9837.73 119.33
6450 9840.26 124.295
6460 9867.46 126.868
6470 9874.67 123.499
6480 9891.11 124.661
6490 9905.58 124.541
6500 9924.19 124.495
6510 9939.32 125.722
6520 9959.41 125.005
6530 9966.46 122.899
6540 9986.68 127.564
6550 10002.9 125.51
6560 10020.2 127.213
6570 10031.9 125.636
6580 10044.7 125.993
6590 10066.8 126.054
6600 10076 124.566
6610 10094.6 125.223
6620 10103.1 123.995
6630 10120.3 122.838
6640 10137.4 122.49
6650 10151.6 128.416
6660 10163.4 130.571
6670 10187.2 124.162
6680 10201.3 125.85
6690 10218.4 126.543
6700 10226.6 127.544
6710 10245 130.356
6720 10263.9 131.795
6730 10287 127.424
6740 10288.9 131.651
6750 10310.2 124.511
6760 10324.9 127.225
6770 10329.9 125.586
6780 10353.9 128.235
6790 10368.5 127.423
6800 10386.2 123.487
6810 10398.6 125.396
6820 10412.4 125.21
6830 10435.3 126.08
6840 10444.5 125.902
6850 10454.9 131.616
6860 10476.9 125.863
6870 10496 130.578
6880 10499.5 125.303
6890 10521.8 125.905
6900 10542.2 127.563
6910 10555.6 130.548
6920 10566.5 127.992
6930 10580.4 132.3
6940 10604.3 122.992
6950 10617 121.408
6960 10629.5 125.244
6970 10644.8 128.045
6980 10658.1 127.364
6990 10679.8 128.592
7000 10694.6 134.465
7010 10708.2 134.75
7020 10733.2 127.305
7030 10737.4 129.154
7040 10753.7 130.592
7050 10768.8 128.113
7060 10785.8 130.096
7070 10802.1 131.556
7080 10808.7 131.67
7090 10826.6 128.188
7100 10841.8 127.544
7110 10858.4 128.147
7120 10876.8 134.193
7130 10889.9 129.451
7140 10911.2 131.889
7150 10915.7 133.5
7160 10936 133.314
7170 10954.7 130.236
7180 10968.6 134.618
7190 10986.1 124.533
7200 10992.9 134.033
7210 11004.6 133.955
7220 11031.3 129.577
7230 11047.7 125.282
7240 11055.2 129.969
7250 11081.4 131.773
7260 11087.6 137.988
7270 11103.1 135.758
7280 11122.8 134.921
7290 11138.2 135.055
7300 11151.3 132.418
7310 11164.3 126.669
7320 11187.7 131.326
7330 11201.6 136.861
7340 11208.8 138.019
7350 11233.8 135.357
7360 11239.3 132.698
7370 11258.7 128.179
7380 11276.8 133.169
7390 11287.2 133.337
7400 11305.2 136.37
7410 11313.9 138.196
7420 11331.7 131.615
7430 11349.8 134.175
7440 11361.3 133.935
7450 11383.8 129.086
7460 11402.3 134.284
7470 11413.8 135.53
7480 11428 138.493
7490 11438.6 136.144
7500 11453.5 131.373
7510 11475.8 140.341
7520 11485.7 132.289
7530 11503.6 135.672
7540 11520.6 135.309
7550 11527.8 133.248
7560 11554.7 134.614
7570 11563.6 136.524
7580 11572.1 136.989
7590 11591.1 133.681
7600 11609.4 137.945
7610 11625.2 138.098
7620 11640.3 133.074
7630 11667.5 137.007
7640 11670 138.614
7650 11688.6 136.189
7660 11702.2 138.871
7670 11724.8 137.048
7680 11737.6 138.311
7690 11758.6 137.948
7700 11764.6 130.673
7710 11777.1 140.861
7720 11805.4 138.679
7730 11807.3 139.384
7740 11826.7 137.652
7750 11839.5 143.063
7760 11860.8 143.187
7770 11877.7 132.338
7780 11891.1 137.552
7790 11902.8 141.362
7800 11921.7 131.482
7810 11932.3 134.994
7820 11954.6 138.708
7830 11965.7 132.187
7840 11974.7 135.373
7850 11994.3 136.56
7860 12015.1 131.06
7870 12022.1 133.349
7880 12043.1 136.077
7890 12065.3 138.356
7900 12067 137.943
7910 12090.4 134.458
7920 12104.4 137.335
7930 12121.3 139.348
7940 12141.6 142.151
7950 12154.1 139.69
7960 12169.4 134.649
7970 12174 137.17
7980 12197 139.875
7990 12207.3 140.517
